255 255 255
255 255 255
255 255 255
255 255 255
255 255 255
255 255 255
255 255 255
255 255 255
255 255 255
255 255 255
255 255 255
255 255 255
255 255 255
255 255 255
255 255 255
255 255 255
255 255 255
255 255 255
255 255 255
255 255 255
255 255 255
255 255 255
255 255 255
255 255 255
255 255 255
255 255 255
255 255 255
255 255 255
255 255 255
255 255 255
255 255 255
255 255 255
255 255 255
255 255 255
255 255 255
255 255 255
255 255 255
255 255 255
255 255 255
255 255 255
255 255 255
255 255 255
255 255 255
255 255 255
255 255 255
255 255 255
255 255 255
255 255 255
255 255 255
255 255 255
255 255 255
255 255 255
255 255 255
255 255 255
255 255 255
255 255 255
255 255 255
255 255 255
255 255 255
255 255 255
255 255 255
255 255 255
255 255 255
255 255 255
255 255 255
251 253 255
247 252 255
243 250 255
239 249 255
235 247 255
231 246 255
227 244 255
223 243 255
219 241 255
215 240 255
211 239 255
207 237 255
203 236 255
199 234 255
195 233 255
191 231 255
187 230 255
183 228 255
179 227 255
175 225 255
171 224 255
167 222 255
162 221 255
158 219 255
154 218 255
150 217 255
146 215 255
142 214 255
138 212 255
134 211 255
130 209 255
126 208 255
122 206 255
118 205 255
114 203 255
110 202 255
106 200 255
102 199 255
98 197 255
94 196 255
90 195 255
86 193 255
82 192 255
78 190 255
74 189 255
70 187 255
66 186 255
62 184 255
58 183 255
54 181 255
50 180 255
46 178 255
42 177 255
38 175 255
34 174 255
30 172 255
26 171 255
22 170 255
18 168 255
14 167 255
10 165 255
6 164 255
2 162 255
1 161 254
3 159 253
5 157 252
7 155 251
9 153 249
11 152 248
13 150 247
15 148 246
18 146 244
20 144 243
22 143 242
24 141 241
26 139 239
28 137 238
30 135 237
32 134 236
34 132 234
36 130 233
38 128 232
40 127 231
42 125 229
44 123 228
46 121 227
48 119 226
50 118 224
53 116 223
55 114 222
57 112 221
59 110 219
61 109 218
63 107 217
65 105 216
67 103 214
69 101 213
71 100 212
73 98 211
75 96 209
77 94 208
79 92 207
81 91 206
83 89 204
86 87 203
88 85 202
90 83 201
92 82 199
94 80 198
96 78 197
98 76 196
100 74 194
102 73 193
104 71 192
106 69 191
108 67 189
110 66 188
112 64 187
114 62 186
116 60 184
118 58 183
121 57 182
123 55 181
125 53 179
127 51 178
129 49 177
131 48 176
133 47 174
135 46 173
137 45 172
139 44 171
141 44 169
143 43 168
145 42 167
146 41 166
148 41 164
150 40 163
152 39 162
154 38 161
156 38 159
158 37 158
160 36 157
162 35 156
164 35 154
166 34 153
168 33 152
170 33 151
172 32 149
174 31 148
176 30 147
178 30 145
180 29 144
182 28 143
184 27 142
186 27 140
187 26 139
189 25 138
191 24 137
193 24 135
195 23 134
197 22 133
199 21 132
201 21 130
203 20 129
205 19 128
207 18 127
209 18 125
211 17 124
213 16 123
215 16 122
217 15 120
219 14 119
221 13 118
223 13 116
225 12 115
227 11 114
228 10 113
230 10 111
232 9 110
234 8 109
236 7 108
238 7 106
240 6 105
242 5 104
244 4 103
246 4 101
248 3 100
250 2 99
252 1 98
254 1 96
255 0 95